-0.163605
-0.159535
-0.156628
-0.148488
-0.145698
-0.136977
-0.135349
-0.131047
-0.131337
-0.128895
-0.126919
-0.129128
-0.131453
-0.133779
-0.135872
-0.134360
-0.131221
-0.126570
-0.120407
-0.114477
-0.110640
-0.113895
-0.110756
-0.105407
-0.097151
-0.093547
-0.098663
-0.114012
-0.138081
-0.162849
-0.180407
-0.192384
-0.199128
-0.203779
-0.207849
-0.205756
-0.189360
-0.136221
-0.054942
0.035640
0.171570
0.302849
0.341512
0.204884
-0.009942
-0.199942
-0.283837
-0.288256
-0.236628
-0.185349
-0.139884
-0.138140
-0.168140
-0.182907
-0.176744
-0.154535
-0.133372
-0.115233
-0.103953
-0.089186
-0.073023
-0.057849
-0.037151
-0.012965
0.014826
0.043198
0.075174
0.102151
0.127267
0.150174
0.167500
0.169942
0.167965
0.152151
0.130640
0.103605
0.067326
0.031395
-0.006163
-0.040116
-0.073372
-0.094535
-0.110116
-0.123488
-0.135814
-0.139767
